11889	0.0185	  50727.3140
11910	-0.0166	  50748.4820
12508	-0.0141	  51338.2286
12598	-0.0117	  51426.4953
12598	-0.0104	  51426.4966
13010	-0.0016	  51832.8173
13317	0.0095	  52135.5900
13407	0.0083	 52224.3463
13692	0.0196	 52505.4228
13723	0.0166	 52535.9919
13822	0.0158	 52633.6243
14049	0.0149	 52857.4894
14052	0.0172	 52860.4503
14061	0.0179	 52869.3267
14089	0.0178	 52897.4331
14123	0.0187	 52930.4716
14143	0.0181	 52950.6879
14473	0.0186	 53275.6394
14479	0.0136	 53281.5515
14496	0.0148	 53298.3180
14509	0.0172	 53311.6340
14832	0.0166	 53629.6810
14856	0.0139	 53653.3470
14857	0.0153	 53654.3346
14967	0.0114	 53763.3051
14967	0.0121	 53763.3058
14967	0.0121	 53763.3058
14967	0.0121	 53763.3058
14968	0.0123	 53764.2922
15159	0.0075	 53952.6504
15234	0.0101	 54026.6176
15247	0.0071	 54039.4351
15312	0.0051	 54103.5357
15515	-0.0023	  54303.7257
15515	-0.0023	  54303.7257
15516	0.0009	 54304.7152
15516	0.0009	 54304.7152
15517	0.0008	 54305.7012
15517	0.0008	 54305.7012
15518	0.0001	 54306.6867
15518	0.0001	 54306.6867
15519	0.0006	 54307.6734
15519	0.0006	 54307.6734
15520	0.0029	 54308.6619
15520	0.0029	 54308.6619
15524	-0.0047	  54312.5990
15524	-0.0047	  54312.5990
15528	-0.0028	  54316.5457
15528	-0.0028	  54316.5457
15530	-0.0045	  54318.5164
15530	-0.0045	  54318.5164
15532	-0.0003	  54320.4930
15532	-0.0003	  54320.4930
15534	0.0040	  54322.4697
15534	0.0040	 54322.4697
15547	-0.0011	  54334.7920
15547	-0.0011	  54334.7920
15548	-0.0020	  54335.7773
15548	-0.0020	  54335.7773
15550	-0.0021	  54337.7496
15550	-0.0021	  54337.7496
15551	-0.0030	  54338.7349
15551	-0.0030	  54338.7349
15552	-0.0021	  54339.7220
15552	-0.0021	  54339.7220
15553	-0.0009	  54340.7094
15553	-0.0009	  54340.7094
15557	-0.0023	  54344.6527
15557	-0.0023	  54344.6527
15558	-0.0023	  54345.6390
15558	-0.0023	  54345.6390
15559	0.0001	  54346.6276
15559	0.0001	 54346.6276
15560	-0.0005	  54347.6131
15560	-0.0005	  54347.6131
15561	0.0027	  54348.6026
15561	0.0027	 54348.6026
15562	0.0010	 54349.5870
15562	0.0010	 54349.5870
15563	-0.0008	  54350.5714
15563	-0.0008	  54350.5714
15564	-0.0003	  54351.5582
15564	-0.0003	  54351.5582
15565	-0.0004	  54352.5442
15565	-0.0004	  54352.5442
15566	-0.0006	  54353.5302
15566	-0.0006	  54353.5302
15567	-0.0013	  54354.5157
15567	-0.0013	  54354.5157
15568	-0.0010	  54355.5022
15568	-0.0010	  54355.5022
15569	-0.0007	  54356.4887
15569	-0.0007	  54356.4887
15570	-0.0019	  54357.4737
15570	-0.0019	  54357.4737
15571	-0.0021	  54358.4597
15571	-0.0021	  54358.4597
15572	-0.0027	  54359.4453
15572	-0.0027	  54359.4453
15573	-0.0018	  54360.4324
15573	-0.0016	  54360.4325
15573	-0.0016	  54360.4325
15574	-0.0007	  54361.4197
15574	-0.0007	  54361.4197
15575	-0.0021	  54362.4045
15575	-0.0021	  54362.4045
15576	-0.0022	  54363.3905
15576	-0.0022	  54363.3905
15577	-0.0006	  54364.3783
15577	-0.0006	  54364.3783
15585	-0.0023	  54372.7593
15594	-0.0031	  54381.6343
15594	-0.0031	  54381.6343
15595	-0.0024	  54382.6211
15595	-0.0024	  54382.6211
15596	-0.0014	  54383.6084
15596	-0.0014	  54383.6084
15597	-0.0020	  54384.5939
15597	-0.0020	  54384.5939
15600	-0.0021	  54387.5524
15600	-0.0021	  54387.5524
15601	-0.0023	  54388.5384
15601	-0.0023	  54388.5384
15602	-0.0021	  54389.5248
15602	-0.0021	  54389.5248
15605	-0.0014	  54392.4840
15605	-0.0014	  54392.4840
15606	-0.0004	  54393.4713
15606	-0.0004	  54393.4713
15607	0.0003	  54394.4581
15607	0.0003	 54394.4581
15608	0.0002	 54395.4442
15608	0.0002	 54395.4442
15609	-0.0015	  54396.4288
15609	-0.0015	  54396.4288
15610	-0.0021	  54397.4144
15610	-0.0021	  54397.4144
15611	-0.0014	  54398.4013
15611	-0.0014	  54398.4013
15612	-0.0016	  54399.3872
15612	-0.0016	  54399.3872
15615	-0.0036	  54402.3438
15615	-0.0036	  54402.3438
15618	-0.0036	  54405.3028
15618	-0.0036	  54405.3023
15619	-0.0028	  54406.2894
15619	-0.0028	  54406.2894
15620	-0.0045	  54407.2738
15620	-0.0045	  54407.2738
15621	-0.0010	  54408.2636
15621	-0.0010	  54408.2636
15628	-0.0021	  54414.6727
15634	-0.0005	  54420.5915
15634	-0.0005	  54420.5915
15635	-0.0030	  54421.5752
15635	-0.0030	  54421.5752
15641	-0.0051	  54427.4902
15641	-0.0051	  54427.4902
15651	-0.0033	  54437.3540
15651	-0.0033	  54437.3540
15652	-0.0032	  54438.3403
15652	-0.0032	  54438.3403
15653	-0.0031	  54439.3266
15653	-0.0031	  54439.3266
15655	-0.0054	  54441.2966
15655	-0.0054	  54441.2966
15658	-0.0048	  54444.2558
15658	-0.0048	  54444.2558
15906	-0.0094	  54688.8274
15929	-0.0095	  54711.5097
15961	-0.0109	  54743.5596
15961	-0.0106	  54743.5599
15993	-0.0133	  54774.6223
16003	-0.0144	  54784.4832
16017	-0.0104	  54798.2939
16040	-0.0113	  54820.9755
16365	-0.0171	  55141.4827
16378	-0.0178	  55154.3025
16635	-0.0203	  55407.7519
16701	-0.0200	  55473.3341
16720	-0.0187	  55491.5800
17062	-0.0145	  55829.3556
17064	-0.0151	  55831.3274
17083	-0.0137	  55849.5734
17458	-0.0034	  56219.4065
17464	-0.0035	  56225.3235
17476	-0.0043	  56237.6501
17751	0.0030	 56508.8608
17778	0.0058	 56535.4908
17818	0.0015	 56574.4412
17818	0.0052	 56574.4449
17827	0.0046	 56583.3200
17859	0.0082	 56615.3749
18185	0.0121	 56936.8781
18204	0.0124	 56955.6161
18473	0.0153	 57220.4121
18475	0.0163	 57222.8785
18501	0.0153	 57248.5186
18512	0.0141	 57259.3654
18512	0.0156	 57259.3671
18512	0.0158	 57259.3673
18547	0.0155	 57293.3906
18580	0.0165	 57326.4291
18643	0.0157	 57388.5585
18829	0.0180	 57571.4998
18835	0.0161	 57577.4151
18927	0.0166	 57668.1454
18944	0.0151	 57685.4023
19270	0.0122	 58006.8987
19335	0.0129	 58070.5089
19336	0.0137	 58071.4959
19339	0.0125	 58074.4533
19342	0.0120	 58077.4113
19348	0.0121	 58083.3286
19348	0.0121	 58083.3286
19606	0.0061	 58337.7607
19651	0.0074	 58382.6338
19660	0.0061	 58391.5082
19685	0.0058	 58415.6697
20274	-0.0043	  58996.5278
20275	-0.0062	  58997.5122