# x y
0.000000000000000000e+00    3.000000000000000000e+00
1.000000000000000000e+00   -1.000000000000000000e+00
1.199999999999999956e+00   -1.560000000000000497e+00
1.399999999999999911e+00   -2.040000000000000036e+00
1.500000000000000000e+00   -2.250000000000000000e+00
1.600000000000000089e+00   -2.439999999999999503e+00
2.000000000000000000e+00   -3.000000000000000000e+00
2.500000000000000000e+00   -3.250000000000000000e+00
2.700000000000000178e+00   -3.209999999999999076e+00
3.000000000000000000e+00   -3.000000000000000000e+00
3.100000000000000089e+00   -2.889999999999998792e+00
3.200000000000000178e+00   -2.759999999999998010e+00
3.500000000000000000e+00   -2.250000000000000000e+00
3.600000000000000089e+00   -2.039999999999999147e+00
3.700000000000000178e+00   -1.809999999999998721e+00
4.000000000000000000e+00   -1.000000000000000000e+00
4.500000000000000000e+00   7.500000000000000000e-01
5.000000000000000000e+00   3.000000000000000000e+00
5.200000000000000178e+00   4.040000000000002700e+00
5.299999999999999822e+00   4.589999999999999858e+00
5.400000000000000355e+00   5.160000000000003695e+00
5.700000000000000178e+00   6.990000000000001990e+00
6.000000000000000000e+00   9.000000000000000000e+00
